        user   system   iowait   softirq
3  0.1149717 10.30247 6.538920 1.0666983
5 17.1697526 34.66327 3.888567 1.5766127
2 43.1019369 14.67988 1.905853 0.7328742
4 67.9721806 10.74707 5.688181 0.7606184
1 54.7714938 28.87994 2.092576 1.7915024

        user    system   iowait   softirq
1  5.2606835 19.458317 1.260368 2.0000964
5  0.8625765 23.502688 5.242328 1.4786187
3 40.7583430 16.290310 3.411507 0.5158346
4 48.6516832 30.858477 2.016388 0.8305987
2 71.8439557  6.234468 6.591889 1.7658008

       user    system   iowait   softirq
2  1.750735  2.444319 5.842662 0.9525804
4 42.025133  8.679672 2.445766 1.4888543
1 18.596790 36.521116 6.073526 0.6365153
3 67.774833  5.570691 2.387601 1.0504106
5 56.214159 32.571063 5.908883 0.6424673

        user    system   iowait   softirq
1  0.8163826  1.509251 3.862764 1.3774729
3 41.4098398 11.219998 0.625220 1.4513728
4 18.8256365 34.201634 3.486761 0.4649296
2 70.0240387  5.184724 1.444789 1.7592434
5 54.0336218 31.165645 4.961589 1.3459478

       user   system    iowait   softirq
5 10.353881 12.85081 3.9264815 0.4441126
4 30.427690 15.50037 3.8925245 0.6143871
2  2.985628 58.77540 4.1230886 0.3664414
1 82.089412  1.31733 0.1118117 1.8474832
3 44.977535 39.58291 4.8951174 1.1520485

        user    system   iowait   softirq
5  3.3953042 21.940421 2.067541 1.6489609
3  0.1414835 25.476577 6.110683 0.6392270
4 42.3366018 18.705684 6.183074 1.0053278
1 48.3468350 30.299974 1.529275 0.8163065
2 73.7667313  9.278196 4.985320 0.8965720

       user    system    iowait    softirq
4  1.685143  6.643627 0.5477796 0.06006509
2 40.076247  9.755255 3.8520192 1.63811731
3 69.275148  6.469538 4.0435402 0.63027300
1 54.312841 36.789720 0.8194961 0.13628109
5 55.006017 37.175251 5.1021486 1.50783177

       user    system    iowait   softirq
2  2.143168  8.380278 6.4869435 1.3142977
4 14.494110 30.804271 0.4125186 0.9093742
3 41.321569 12.818920 2.1587516 0.1775172
1 65.363784 13.514827 5.6826737 1.6882855
5 60.717961 27.490258 4.8230344 0.8001648

        user   system   iowait   softirq
4  0.1768037 24.88099 3.098302 0.6930584
3  1.8073791 22.97917 3.257137 1.2685940
5 46.9506796 16.02061 4.761769 1.7140262
1 52.2818980 27.14138 1.842773 0.8697699
2 65.0344689 12.69014 5.591777 1.0069314

       user    system   iowait   softirq
1  4.873653  9.607136 5.782838 0.6438233
5 37.227944 13.907887 3.549573 0.5426586
4  1.656492 60.527064 1.613943 0.7945888
3 74.437741  3.178192 6.517144 1.7493232
2 48.175651 34.329358 4.788515 0.5899095

       user    system   iowait   softirq
1  4.017035  5.465745 5.500518 0.3350916
3 37.670819 12.226872 4.829074 1.4263625
4 21.609552 33.644676 3.177225 1.6948805
5 73.384946  7.672052 1.743694 0.4687711
2 58.212197 34.795944 1.194268 0.8023982

        user     system   iowait   softirq
3  0.2721857  0.8198967 6.668907 1.1811200
5 18.9301569 35.5753687 3.093048 1.8561504
4 41.0832547 13.3687367 5.255922 1.4013662
2 71.2547494  8.8735971 1.324055 0.8097062
1 55.6079976 31.7365749 4.075483 1.0599136

       user    system    iowait   softirq
4  6.473351 20.948267 4.0029243 1.4270898
2  1.074199 27.102454 5.9996091 1.1349003
1 43.921950 14.102255 3.6685543 1.0760713
3 52.287235 29.723993 0.9804785 0.2323809
5 68.469985  7.830999 6.5080873 0.8380421

        user    system   iowait   softirq
5  0.3291464  1.332340 5.087538 0.9241881
1 42.4029600 10.543034 1.362932 0.3064019
4 18.0293494 34.731073 4.991563 0.9650067
3 67.5082160  7.745683 2.808810 0.8661099
2 56.2174795 30.411152 4.440305 0.6869258

        user   system     iowait   softirq
2  0.4046356 22.00905 6.42536286 1.9357314
3 16.0369447 36.33938 2.81860714 0.5489985
4 48.1627419 17.23030 5.97084689 1.6300256
1 53.9394723 27.66313 0.01909675 1.6993923
5 66.4997699 14.20434 3.71434540 1.1810097

       user   system   iowait   softirq
1  1.638523 10.71659 4.896226 0.3694366
4 17.110438 33.20657 2.961161 1.3999393
3 41.722241 12.61049 4.292562 1.3761145
5 68.419755 10.42039 5.234508 1.7225239
2 58.047196 29.81352 4.191903 1.7141418

        user    system   iowait   softirq
2  7.6773534 15.811363 4.622442 0.8694392
5  0.8363699 22.032240 6.566703 1.4186016
3 37.4047957 15.143372 2.943437 0.3493158
4 47.2138092 33.999252 2.195337 0.6829525
1 74.7569067  3.704191 6.004264 1.4030114

       user     system    iowait   softirq
1 12.122153 13.3504920 3.2830987 1.2221253
5 28.664306 15.4968669 2.4794809 1.9789421
2  4.066876 59.0208361 4.5671616 0.1853986
3 44.646023 41.6418785 0.2870093 0.9678859
4 83.261694  0.7173087 4.0043937 0.2645884

       user    system   iowait   softirq
1  1.434041  9.887203 6.194349 1.5840547
2 16.285102 33.185170 5.169205 1.2185616
4 40.688793 15.374730 3.290666 1.4436041
5 67.072988 14.790289 6.725967 1.0065968
3 59.374098 29.544853 3.770223 0.4104449

       user   system    iowait   softirq
1  1.512278 13.27656 6.6988918 0.1327240
4 21.276108 31.21325 1.1807556 0.3141577
5 39.233243 19.23280 3.9147308 1.4910067
3 56.149488 32.63440 0.3814719 1.3306448
2 72.528657 15.51953 4.6497102 0.5634396

        user      system   iowait   softirq
3  0.4529292  0.08378771 6.004856 1.5016348
2 43.0687343  9.07603554 2.714844 0.4465776
4 16.6733814 36.19964235 2.258745 0.7355233
1 66.7597924  7.36557335 1.123011 0.7603417
5 57.3997690 31.33759916 2.398316 1.2758878

       user   system   iowait   softirq
4  3.488413 15.38776 6.674002 1.5825726
5 41.150807 16.74937 3.381015 0.5500087
2 22.894379 36.90452 1.724170 0.7449887
3 50.233499 32.32265 3.393445 0.7521170
1 72.346773 10.35865 4.250657 0.6663454

       user   system   iowait   softirq
4  3.860577 15.65232 3.000263 0.1878866
1 19.764766 31.29257 2.476832 1.1059940
3 40.511194 15.71315 2.718802 0.7266201
5 68.659809 14.71056 3.476608 1.4780397
2 59.094824 29.66076 3.687972 0.2816959

       user    system   iowait   softirq
2  1.276718  1.922895 5.490618 0.9577851
1 16.458578 34.123229 1.233976 0.9630512
3 41.832059 10.470126 2.669159 0.4765333
5 68.111246  9.037155 1.687054 0.5111200
4 58.633348 30.589650 4.326640 0.5622712

        user    system    iowait   softirq
1  6.7451462 23.342065 4.0834643 1.2897961
3  0.4602051 32.742176 4.7370102 1.4475029
2 39.2693917 20.480900 6.9226374 1.8557262
4 47.5930641 32.705504 0.6600246 0.8993696
5 77.4747746  9.349761 3.7109699 1.0721666

