MODEL: CPULARGE
N_ATTRIBUTES: 4 
N_OBJECTS: 1309 
DATASET:
0.2125 0.025 0.025 0
0.18738288569644 0.0374765771392879 0.0374765771392879 0
0.162337662337662 0.024975024975025 0.024975024975025 0
0.124906320259805 0.024981264051961 0.024981264051961 0
0.187336080929187 0.0499562882477832 0 0.0124890720619458
0.162357936805295 0.0124890720619458 0.0374672161858374 0
0.137396952285786 0.024981264051961 0.0374718960779415 0.0124906320259805
0.0749344323716748 0.0124890720619458 0 0
0.0874235044336206 0.0249781441238916 0 0
5.16766766766767 0.875875875875876 0.025025025025025 0.0125125125125125
0.2 0.3 0.0125 0.0375
0.224943764058985 0.274931267183204 0 0.0374906273431642
0.149887584311766 0.0999250562078441 0 0
0.0999250562078441 0.0499625281039221 0 0
10.367683841921 1.40070035017509 0 0.0250125062531266
13.1375 0.875 0.1125 0
8.26776570500812 1.29886349444236 0.0124890720619458 0.0249781441238916
8.34168336673347 1.45290581162325 0.0125250501002004 0.0125250501002004
8.54101440200376 1.17720726361929 0.225422667501565 0.0751408891671885
9.2967967967968 1.3013013013013 0.025025025025025 0.0125125125125125
8.93638295213098 1.28733908261467 0.0124984376952881 0.0374953130858643
28.935156152013 2.13219616204691 0.351185250219491 0.0627116518249091
21.7184368737475 1.52805611222445 0.263026052104208 0.062625250501002
19.937343358396 1.56641604010025 0.025062656641604 0.025062656641604
21.52359437751 1.83232931726908 0.08785140562249 0.0251004016064257
18.7570621468927 1.43126177024482 0.0125549278091651 0.0502197112366604
21.6141584034141 1.45600602485252 0.263587297602611 0.0502071043052592
22.234762979684 1.69300225733634 0.0125407574617507 0.0250815149235014
52.8636021100226 2.52449133383572 0.0125596583772921 0.150715900527506
78.2926215059179 3.09745656006044 0 0.18886930244271
53.4766754683767 2.92971205834276 0.0125738714950333 0.163460329435433
58.5503963759909 2.8060903485592 0.0251667295834906 0.201333836667925
57.5829979879276 3.05583501006036 0.0125754527162978 0.163480885311871
55.5904917620425 2.60344610740787 0.0125770343353037 0.150924412023645
62.2655758338578 2.98300818124607 0.012586532410321 0.151038388923851
57.6624028091297 5.27965889139704 0 0.376222723852521
49.3221190057745 6.91689681144866 0.0125533517449159 0.288727090133066
50.213514192414 5.87792012057272 0.0125596583772921 0.326551117809596
41.0517068273092 5.52208835341365 0.0251004016064257 0.213353413654618
62.874025647473 6.02212723158159 0.0251445813427206 0.314307266784008
59.8991808443604 7.52362948960302 0.0252047889098929 0.315059861373661
36.6144200626959 4.73981191222571 0 0.238244514106583
42.7121193131971 4.02306053390149 0.0125328988595062 0.526381752099261
33.4635744895387 4.83992941769599 0 0.277287622888833
50.1134072580645 4.32207661290323 0.0252016129032258 0.390625
54.450852557673 5.39117352056168 0 0.363590772316951
44.7717789859654 7.6242255658111 0 0.505752939688962
34.7564038171773 3.80462079357107 0 0.301356102461075
33.704352176088 3.23911955977989 0.0250125062531266 0.225112556278139
33.4503510531595 4.06218655967904 0.0250752256770311 0.351053159478435
28.6899673120443 5.20492833794317 0.213728941413125 0.301734976112648
27.3697426239799 4.29378531073446 0.0251098556183302 0.288763339610797
34.2476094614997 3.92551585304479 0.0251635631605435 0.339708102667338
40.1395939086294 7.75380710659898 0.0126903553299492 0.431472081218274
23.4104046242775 5.20231213872832 0.0125659713495853 0.18848957024378
22.5106596438425 1.93127664910961 0.0125407574617507 0.213192876849762
29.5363408521303 3.1203007518797 0.025062656641604 0.25062656641604
25.1585891905608 10.1370210606445 0.241055569652372 0.253742704897234
34.6732397926937 8.7093919858425 0.0252812539501959 0.417140690178233
30.526580369486 4.32323740103054 0.0251351011687822 0.289053663440995
26.1478304742684 5.22199798183653 0.0126135216952573 0.252270433905146
19.1724137931034 1.8307210031348 0.0125391849529781 0.225705329153605
25.1133501259446 7.43073047858942 0.277078085642317 0.277078085642317
26.3888888888889 3.74124124124124 3.49099099099099 0.175175175175175
25.8064516129032 5.078125 0.0630040322580645 0.151209677419355
23.5970677451972 8.20273003033367 0.0884732052578362 0.202224469160768
33.1987891019173 6.89959636730575 0.13874873864783 0.365792129162462
20.7070071707133 5.04465970562335 0.301924770411373 0.213863379041389
16.5664160401003 2.78195488721805 0.300751879699248 0.12531328320802
24.2431886982846 6.88698284561049 0.0378405650857719 0.13874873864783
24.0919481838964 8.33121666243333 0.0381000762001524 0.101600203200406
30.9633887292265 3.98600524803199 0.0624765712857678 0.212420342371611
25.3135975915705 5.21826392373307 0.727546412443552 0.112895132965379
34.4818849759311 7.19533823156828 0.0126678489992399 0.291360526982518
23.902377657567 5.63592904767895 0.0503207950685621 0.201283180274248
18.594730238394 2.83563362609787 0.0501882057716437 0.150564617314931
24.5895428138419 6.8199040161657 0.0252589037635767 0.164182874463248
0.0875 0 0 0
0.062445360309729 0.0249781441238916 0.0124890720619458 0
0.0499625281039221 0.0374718960779415 0 0
0.0874125874125874 0.0374625374625375 0 0
0.0874344241818636 0.0374718960779415 0 0
0.0998876264202772 0.0249719066050693 0 0
0.0624531601299026 0.0374718960779415 0 0
3.28708911386077 0.924884389451319 0.0124984376952881 0.0249968753905762
0.0749625187406297 0.087456271864068 0 0.0124937531234383
0.137465633591602 0.224943764058985 0.0249937515621095 0
0.174978127734033 0.299962504686914 0 0.0499937507811524
0.137379792681404 0.0499562882477832 0 0
0.0874125874125874 0.0124875124875125 0 0
0.0874235044336206 0.0374672161858374 0 0
11.8353559364444 0.900788189665958 0.0125109470786939 0.0250218941573877
5.3848075962019 0.924537731134433 0.124937531234383 0.0249875062468766
10.7321339330335 1.42428785607196 0.187406296851574 0.0499750124937531
4.90122530632658 0.925231307826957 0.0125031257814454 0.0125031257814454
10.727249968707 1.58968581799975 0.0125172111653524 0.0375516334960571
4.85242621310655 1.05052526263132 0 0.0250125062531266
12.4780756702581 1.62866449511401 0 0.0125281884239539
25.4417846847976 1.67940844717383 0.0125328988595062 0.0250657977190124
26.1305273706627 1.75372666917199 0.0125266190655142 0.0501064762620569
27.8097622027534 1.75219023779725 0.0125156445556946 0.0125156445556946
26.6557952834922 1.96939287506272 0.0125439036628199 0.0250878073256397
22.7699236832228 1.41373701989241 0.0250218941573877 0.0250218941573877
21.5860686544726 1.25281884239539 0.175394637935355 0.0125281884239539
30.1789961196645 2.06533984228314 0.0250344223307047 0.0125172111653524
60.448136958711 1.92598187311178 0 0.226586102719033
60.4779874213836 1.9622641509434 0.0125786163522013 0.264150943396226
61.990437845999 1.9627579265224 0.0125817815802718 0.327126321087066
58.1740442655936 1.79828973843058 0 0.289235412474849
59.8917694437453 2.20236597029952 0.0125849484017116 0.213944122829096
62.5220015086749 2.04928337943173 0.0251445813427206 0.188584360070405
76.1246544357879 2.28700678562453 0 0.289017341040462
24.8622934401602 2.01552328492739 0.0125187781672509 0.0500751126690035
26.4094211976948 2.21748935103984 0.0125281884239539 0.0751691305437234
16.9379068602904 0.375563345017526 0.0125187781672509 0.0375563345017526
25.0187828700225 2.19133483596294 0.0125219133483596 0.0626095667417981
39.7698849424712 2.16358179089545 0.0250125062531266 0.0500250125062531
24.5332665079564 0.902142588648039 0.0125297581756672 0.0250595163513344
22.6634928589326 1.87922826359308 0.0125281884239539 0.0250563768479078
0.0999250562078441 0.0374718960779415 0 0.0124906320259805
0.174803346235485 0.0374578599076039 0 0
0.0874344241818636 0.024981264051961 0 0
0.0998751560549313 0.0374531835205993 0.0124843945068664 0
0.124875124875125 0.04995004995005 0.0124875124875125 0
0.137396952285786 0.0374718960779415 0.0374718960779415 0
0.137362637362637 0.024975024975025 0 0
0.124906320259805 0.0374718960779415 0.0374718960779415 0
0.112401648557512 0.0874235044336206 0.0124890720619458 0.0124890720619458
0.0749437921558831 0 0 0
2.99737729486699 0.736855251654802 0 0.0374672161858374
0.375046880860108 0.300037504688086 0 0.0875109388673584
0.0998751560549313 0.0624219725343321 0 0
0.224887556221889 0.337331334332834 0.124937531234383 0.0374812593703148
4.85242621310655 0.862931465732866 0.11255627813907 0.0250125062531266
4.62731365682841 0.925462731365683 0 0.0500250125062531
4.67441569803775 0.924884389451319 0 0.0249968753905762
12.5579065982221 0.763741079253787 0.0125203455615375 0.0125203455615375
4.82620655163791 1.00025006251563 0.125031257814454 0.0500125031257814
4.37335999000375 0.949643883543671 0 0.0124953142571536
4.57557194649331 1.02512814101763 0.0125015626953369 0.0125015626953369
10.527631907977 1.12528132033008 0.0250062515628907 0.0250062515628907
10.1639754662661 0.951308048566779 0.350481912629866 0.0250344223307047
15.9142212189616 1.35440180586907 0.0250815149235014 0.0250815149235014
10.4380475594493 1.00125156445557 0.0250312891113892 0.0250312891113892
14.7536884221055 1.22530632658165 0.0250062515628907 0.0250062515628907
11.1013657436411 1.20285678486405 0.137827339932339 0.0250595163513344
10.6013251656457 0.987623452931616 0.0125015626953369 0
29.9447097260618 1.26916310630812 0 0.0502638853983413
51.6323455549975 2.62430939226519 0.0125565042692115 0.200904068307383
22.2933132605696 1.5054572826496 0.188182160331201 0.0250909547108267
29.8720842738901 1.40456483571608 0.0125407574617507 0.0376222723852521
41.8350696623572 1.93297351575248 0.0251035521526296 0.0376553282289444
28.3366783743101 1.53035624686402 0.0250878073256397 0.0250878073256397
23.0248306997743 1.32932029094557 0.0125407574617507 0.0125407574617507
13.7473394265682 0.626017278076875 0.0125203455615375 0.0375610366846125
34.9912302681032 1.34051616136307 0 0.100225507391631
13.9389389389389 0.513013013013013 0.0125125125125125 0.0625625625625626
12.9657414353588 0.537634408602151 0.0125031257814454 0.0250062515628907
19.5761223977928 0.714823175319789 0 0.0376222723852521
14.0838023764853 0.575359599749844 0 0.0250156347717323
13.6255479023168 0.563556668753914 0 0.050093926111459
6.31868131868132 0.44955044955045 0.0124875124875125 0.04995004995005
39.0841986738396 1.12598523708245 0.0250218941573877 0.100087576629551
6.05908863294942 0.513269904857286 0.0250375563345018 0.0125187781672509
6.22188905547226 0.499750124937531 0 0
9.89120920345129 0.837814180317619 0.0250093785169439 0.0500187570338877
6.27583615182262 0.538644619817111 0 0.0250532381310284
6.2648790878336 0.426011777972685 0.0125297581756672 0.0125297581756672
8.37611118066859 0.575935895830725 0.0125203455615375 0.0125203455615375
25.4593175853018 1.8872640919885 0.0249968753905762 0.174978127734033
7.57081975432439 0.538982201052896 0 0.0250689395838556
8.79079654870577 0.537701638114293 0.0125046892584719 0.0250093785169439
12.1246246246246 0.688188188188188 0.025025025025025 0.0500500500500501
10.4223944013997 0.587353161709573 0.0249937515621095 0
7.925 0.5125 0.0125 0.025
28.4644194756554 1.27340823970037 0.237203495630462 0.0873907615480649
5.21652314988144 0.299513290902284 0.0124797204542618 0.0499188818170473
4.92049580568424 0.325528984599975 0.025040691123075 0
5.11697735518579 0.237707994495183 0 0.0125109470786939
7.59699624530663 0.400500625782228 0.262828535669587 0.0500625782227785
4.86493246623312 0.412706353176588 0 0.0125062531265633
5.47842401500938 0.187617260787992 0.562851782363977 0.0250156347717323
3.96150962259435 0.199950012496876 0.0124968757810547 0
40.3478043287877 1.18853997247592 0.0125109470786939 0.0750656824721631
4.10205102551276 0.287643821910955 0 0.0250125062531266
4.37554694336792 0.175021877734717 0.300037504688086 0.0125015626953369
5.9161976235147 0.250156347717323 0.0375234521575985 0.0250156347717323
4.14585414585415 0.262237762237762 0.024975024975025 0.024975024975025
3.70185092546273 0.225112556278139 0.0250125062531266 0.0125062531265633
3.25802022219448 0.299588066408688 0 0.037448508301086
38.6875 1.1625 0.0125 0.05
2.98526105420934 0.187359480389708 0 0
3.5 0.35 0 0.0375
4.67850888166125 0.62546910182637 0.0500375281461096 0.0250187640730548
3.2536603679139 0.563133525215868 0.0125140783381304 0
3.02802802802803 0.262762762762763 0 0.0125125125125125
6.96598299149575 0.450225112556278 0.0125062531265633 0.0125062531265633
25.4345379517319 1.48805802175816 0 0.250093785169439
7.7930174563591 0.486284289276808 0.0249376558603491 0.0124688279301746
7.11699338244475 0.486952178798851 0 0.0124859533025346
11.255627813907 0.525262631315658 0 0.0375187593796898
7.18128362317027 0.48792693606906 0.0125109470786939 0.0250218941573877
7.12586098935504 0.413274890419537 0.0250469630557295 0.0375704445835942
4.2994625671791 0.274965629296338 0.0249968753905762 0.0249968753905762
32.5256057956533 0.711966025480889 0.0124906320259805 0.0374718960779415
4.56757768625983 0.311993011356546 0.0124797204542618 0.0124797204542618
4.4625 0.125 0.0375 0
7.11072231942014 0.337415646088478 0.0249937515621095 0.0499875031242189
4.79700187382886 0.287320424734541 0.0124921923797626 0.0124921923797626
4.27339747594652 0.112457828314382 0.0124953142571536 0.0124953142571536
4.43472829481574 0.274828232354778 0.0249843847595253 0.0124921923797626
33.6329588014981 0.561797752808989 0.0499375780274657 0.0749063670411985
4.02953322487799 0.162683018395695 0.0125140783381304 0.0125140783381304
6.6875 0.475 0 0.0125
5.17241379310345 0.36231884057971 0.0124937531234383 0
4.28428678491132 0.262303272545591 0.0124906320259805 0.0124906320259805
4.5625 0.2875 0.0125 0.0125
4.8932717513419 0.386967919111222 0.012482836100362 0.012482836100362
22.5068732816796 1.09972506873282 0.0124968757810547 0.187453136715821
6.07727897961736 0.562711016631237 0.0125046892584719 0.0125046892584719
5.05252626313157 0.362681340670335 0.0125062531265633 0.0250125062531266
8.25825825825826 0.500500500500501 0.0125125125125125 0.025025025025025
5.30663329161452 0.312891113892365 0.0250312891113892 0.0125156445556946
5.58889722430608 0.487621905476369 0.0125031257814454 0.0125031257814454
5.16314539317415 0.300037504688086 0.0125015626953369 0.0125015626953369
37.4984380857179 0.549793827314757 0.0124953142571536 0.087467199800075
4.58692663417073 0.149981252343457 0.0124984376952881 0.0124984376952881
4.91127218195451 0.287428142964259 0.0124968757810547 0.0124968757810547
7.12410948631421 0.349956255468066 0.0249968753905762 0.0249968753905762
4.58864716179045 0.18754688672168 0.0125031257814454 0.0250062515628907
4.94505494505495 0.437062937062937 0.0124875124875125 0.0124875124875125
3.18949343339587 0.225140712945591 0.0125078173858662 0.0125078173858662
44.2182817182817 0.44955044955045 0.0124875124875125 0.0999000999000999
3.09883793577408 0.199925028114457 0.0124953142571536 0.0249906285143071
3.08865824684257 0.287607852944854 0.0250093785169439 0.0125046892584719
4.8512128032008 0.150037509377344 0.0125031257814454 0.0125031257814454
3.35704480219643 0.237114688630975 0.0124797204542618 0.0124797204542618
2.71216097987752 0.174978127734033 0.0249968753905762 0
3.5 0.1875 0.0125 0.025
37.6121635094716 0.510967098703888 0.174476570289133 0.0997008973080758
4.38530734632684 0.187406296851574 0.0124937531234383 0
3.68796099512439 0.0875109388673584 0 0
4.10839160839161 0.237262737262737 0.0124875124875125 0.0374625374625375
3.88895835938477 0.150056271101663 0.0125046892584719 0.0125046892584719
6.38457686529795 0.525788683024537 0.0125187781672509 0.0125187781672509
4.20356741923413 0.361731320942996 0.0124734938256206 0
23.3649525711433 1.09835247129306 0.0998502246630055 0.212181727408887
4.72686455475181 0.311798453479671 0.0249438762783737 0.0498877525567473
4.30819180819181 0.362137862137862 0.0124875124875125 0.0124875124875125
4.02349119080345 0.212420342371611 0.0124953142571536 0.0124953142571536
4.58015267175572 0.513077211863346 0.0250281566762608 0.0125140783381304
6.68415792103948 0.449775112443778 0.0124937531234383 0.0124937531234383
4.375 0.1875 0.0125 0
26.8643643643644 0.437937937937938 0.025025025025025 0.0125125125125125
4.64883779055236 0.274931267183204 0.0124968757810547 0
4.30215107553777 0.212606303151576 0.0250125062531266 0.0125062531265633
4.84515484515484 0.112387612387612 0.0124875124875125 0
4.29838810446083 0.137448456828689 0.0124953142571536 0.0124953142571536
6.87976026969659 0.374578599076039 0.0249719066050693 0.0249719066050693
4.91127218195451 0.137465633591602 0.0999750062484379 0.0124968757810547
39.2139737991266 0.361821584529008 0.0249532127261385 0.0623830318153462
3.7625 0.125 0 0.0125
3.47282948157402 0.137414116177389 0.0124921923797626 0.0124921923797626
3.88993120700438 0.100062539086929 0 0.0125078173858662
3.68519675202998 0.249843847595253 0 0
5.56319539942493 0.200025003125391 0.0125015626953369 0.0125015626953369
3.91005621486571 0.112429731417864 0.0124921923797626 0.0124921923797626
24.9218456921345 0.212579717394023 0.0125046892584719 0.0375140677754158
3.84903774056486 0.0999750062484379 0.0124968757810547 0
4.2691299463238 0.087379852702534 0.012482836100362 0
4.08035937110057 0.124781632143748 0.0124781632143748 0
3.77075789736546 0.0874016731177425 0.0624297665126732 0.0249719066050693
6.48229257915155 0.200225253410086 0.0125140783381304 0.0375422350143912
4.71132216945764 0.349912521869533 0.0124968757810547 0.0249937515621095
21.7461903572321 0.999250562078441 0.0124906320259805 0.0874344241818636
6.7358160459885 0.412396900774806 0.0249937515621095 0.0249937515621095
4.81490745372686 0.337668834417209 0 0.0250125062531266
6.25547353934693 0.300262729888653 0 0.0250218941573877
6.2125 0.5125 0.0125 0.0125
8.77543377855449 0.461864935713394 0.024965672200724 0.037448508301086
4.04848181931776 0.0749718855429214 0.0249906285143071 0
35.2080989876265 0.437445319335083 0.0249968753905762 0.0624921884764404
3.98351648351648 0.137362637362637 0.024975024975025 0
4.73158551810237 0.162297128589263 0.0124843945068664 0
3.79383501809559 0.124797204542618 0.0249594409085236 0
3.68335622424772 0.124859533025346 0 0.0124859533025346
6.34207240948814 0.249687890137328 0 0.0249687890137328
4.00749063670412 0.149812734082397 0.0124843945068664 0
32.7084114485689 0.474940632420947 0 0.0374953130858643
3.85960529602798 0.149887584311766 0 0.0124906320259805
4.36632053046416 0.150131364944326 0 0
3.61024359775141 0.137414116177389 0 0
5.93082781870396 0.274690972655762 0.0374578599076039 0
3.53661584603849 0.162459385153712 0.0124968757810547 0.0124968757810547
4.31357839459865 0.325081270317579 0.0375093773443361 0.0125031257814454
21.551724137931 0.924537731134433 0.0124937531234383 0.112443778110945
4.51758228006507 0.275309723438869 0 0.0125140783381304
4.3010752688172 0.287571892973243 0.0125031257814454 0.0250062515628907
4.7125 0.3625 0.025 0.025
5.39797575909034 0.249906285143071 0 0.0124953142571536
7.92896448224112 0.462731365682841 0.0125062531265633 0.0375187593796898
3.62817465282122 0.16264231202302 0.0125109470786939 0.0125109470786939
32.2395508421709 0.573923892701185 0.0249532127261385 0.0249532127261385
3.87354741971761 0.224915656628764 0.0124953142571536 0.0124953142571536
7.02743329575348 0.225479143179256 0.0125266190655142 0.0250532381310284
3.81345336334084 0.137534383595899 0.0125031257814454 0.0125031257814454
4.86587648159701 0.187149095446039 0 0.0249532127261385
4.77440319960005 0.149981252343457 0.0124984376952881 0.0124984376952881
4.32337873297513 0.0749718855429214 0.0249906285143071 0
37.9762648344784 0.312304809494066 0 0.0624609618988132
4.12912912912913 0.137637637637638 0.0125125125125125 0.0125125125125125
7.06073481629593 0.187453136715821 0.0124968757810547 0
3.91103336248907 0.112457828314382 0 0.0124953142571536
4.34294271808311 0.13727692499688 0.0374391613627855 0.0124797204542618
4.59712679575265 0.174890693316677 0 0
4.99937507811524 0.412448443944507 0.0124984376952881 0.0249968753905762
21.9852849482479 1.1722159870308 0.0124703828407532 0.124703828407532
5.96473677629111 0.550206327372765 0.0125046892584719 0
6.25156289072268 0.437609402350588 0.0250062515628907 0.0125031257814454
4.99438132101386 0.437008365588713 0.0124859533025346 0.0124859533025346
4.23538230884558 0.412293853073463 0.0249875062468766 0
4.36468234117059 0.275137568784392 0 0.0125062531265633
3.97450318710161 0.162479690038745 0.0499937507811524 0
29.0233837689133 0.38764536701263 0.0250093785169439 0.0375140677754158
4.09692730452161 0.0999250562078441 0 0
6.73918479619905 0.225056264066017 0.0125031257814454 0.0250062515628907
4.17395651087228 0.0999750062484379 0.0249937515621095 0.0124968757810547
4.22447194100737 0.112485939257593 0.0124984376952881 0
4.09897525618595 0.137465633591602 0.0249937515621095 0.0124968757810547
3.46892937359621 0.162216121786873 0.0249563264287497 0.0124781632143748
40.9283753431495 0.449213875717494 0 0.0748689792862491
3.47282948157402 0.18738288569644 0 0
5.61530765382691 0.212606303151576 0.0125062531265633 0
3.50394193467651 0.112626705043174 0.0125140783381304 0.0125140783381304
3.77075789736546 0.149831439630416 0 0.0124859533025346
3.74953130858643 0.0999875015623047 0.0249968753905762 0.0124984376952881
3.42585646411603 0.325081270317579 0.0125031257814454 0.0125031257814454
28.8836163836164 1.38611388611389 0 0.224775224775225
3.61340335083771 0.312578144536134 0.0250062515628907 0.0250062515628907
3.72127872127872 0.312187812187812 0.0124875124875125 0.0124875124875125
5.63486100676183 0.33809166040571 0.0250438266967193 0.0375657400450789
3.64908772806798 0.349912521869533 0.0124968757810547 0.0374906273431642
3.67637864199075 0.32512192072027 0.0375140677754158 0.0125046892584719
4.10051256407051 0.150018752344043 0.0125015626953369 0.0250031253906738
26.0809797550612 0.624843789052737 0 0.0374906273431642
4.24840684743221 0.187429713857304 0.0249906285143071 0.0249906285143071
3.76344086021505 0.200050012503126 0 0.0125031257814454
6.66333291661458 0.200025003125391 0.0625078134766846 0.0250031253906738
4.08239700374532 0.112359550561798 0.0249687890137328 0
4.17395651087228 0.137465633591602 0.0124968757810547 0.0124968757810547
3.98600524803199 0.137448456828689 0.0374859427714607 0
35.25 0.4875 0.0125 0.1125
4.30980637101811 0.112429731417864 0.0124921923797626 0.0249843847595253
4.3803818794459 0.212155247722451 0.0249594409085236 0.0124797204542618
6.75726218675976 0.211943647924199 0.0124672734073058 0.0374018202219175
4.69296055916126 0.137294058911633 0 0.0124812780828757
4.44333499750374 0.124812780828757 0.0249625561657514 0
4.18488444722049 0.349781386633354 0.0124921923797626 0.0249843847595253
25.6935766058485 1.39965008747813 0.0124968757810547 0.0999750062484379
6.74255691768827 0.500375281461096 0.0125093820365274 0.0375281461095822
4.11044477761119 0.374812593703148 0.0124937531234383 0
4.01500938086304 0.32520325203252 0.0125078173858662 0.0125078173858662
4.53920220082531 0.300112542203326 0.0125046892584719 0
4.21355338834709 0.325081270317579 0 0.0125031257814454
3.82691345672836 0.11255627813907 0.0250125062531266 0.0125062531265633
23.3082706766917 0.463659147869674 0 0.06265664160401
6.36192861615529 0.175328741390106 0.0125234815278647 0.0125234815278647
4.11044477761119 0.124937531234383 0.0124937531234383 0.0249875062468766
4.10890470838017 0.162357936805295 0.0124890720619458 0.0124890720619458
4.07347244783206 0.112457828314382 0.0124953142571536 0.0249906285143071
4.24174174174174 0.175175175175175 0.025025025025025 0.0125125125125125
37.7110694183865 0.525328330206379 0.075046904315197 0.0500312695434647
3.3608195902049 0.149925037481259 0.0124937531234383 0.0124937531234383
3.7448508301086 0.137311197103982 0.012482836100362 0.024965672200724
6.33354153653966 0.137414116177389 0.0124921923797626 0
3.22177822177822 0.137362637362637 0 0
3.2504063007876 0.150018752344043 0.0125015626953369 0.0250031253906738
3.56294536817102 0.187523440430054 0 0
35.2036990752312 0.437390652336916 0.0124968757810547 0.0374906273431642
3.7846615038721 0.0999250562078441 0 0.0124906320259805
5.99799649386426 0.112697220135237 0 0.0125219133483596
4.05439121756487 0.0998003992015968 0.0249500998003992 0
3.80821575727307 0.124859533025346 0.0374578599076039 0
3.78939469734867 0.212606303151576 0 0
3.82165605095541 0.112401648557512 0.0124890720619458 0.0124890720619458
18.5421355338835 0.86271567891973 0.0125031257814454 0.112528132033008
4.04696477641769 0.349737696727454 0.0124906320259805 0
4.60674157303371 0.31210986267166 0.0249687890137328 0.0249687890137328
6.63589871523014 0.598727703629787 0.0124734938256206 0.0124734938256206
4.06097713357491 0.249906285143071 0.0249906285143071 0.0124953142571536
3.97599399849963 0.262565641410353 0.0125031257814454 0.0125031257814454
4.03195606041693 0.324553738609412 0.024965672200724 0.012482836100362
31.3742653495061 0.562711016631237 0.0375140677754158 0.0625234462923596
4.07398150462384 0.0999750062484379 0.0124968757810547 0.0124968757810547
3.85240775484678 0.125078173858662 0.0125078173858662 0.0125078173858662
6.53316645807259 0.150187734668335 0.0250312891113892 0.0250312891113892
4.18697662792151 0.112485939257593 0.0124984376952881 0
4.46082718980382 0.087467199800075 0.0124953142571536 0
3.97450318710161 0.199975003124609 0.0249968753905762 0.0124984376952881
36.8690654672664 0.562218890554723 0.0124937531234383 0.0249875062468766
3.482711272001 0.137311197103982 0.024965672200724 0.012482836100362
3.43664083979005 0.124968757810547 0 0
5.28094105869103 0.162683018395695 0.0125140783381304 0.0250281566762608
3.09535696455317 0.112331502745881 0.0124812780828757 0.0124812780828757
3.23144104803493 0.1621958827199 0.0249532127261385 0
3.38623016368862 0.149943771085843 0.0124953142571536 0
24.0134865134865 0.886613386613387 0.0124875124875125 0.0874125874125874
4.41415530824059 0.375140677754158 0.0125046892584719 0.0125046892584719
4.47723861930965 0.275137568784392 0.0375187593796898 0.0125062531265633
6.75084385548194 0.412551568946118 0.0125015626953369 0.0250031253906738
4.59368368493322 0.299588066408688 0.012482836100362 0.012482836100362
4.31411779417282 0.287607852944854 0.0125046892584719 0.0250093785169439
4.41360340085021 0.312578144536134 0.0125031257814454 0.0250062515628907
4.4180225281602 0.175219023779725 0.0500625782227785 0.0125156445556946
24.8907751841218 0.711521657720634 0.012482836100362 0.06241418050181
4.54033771106942 0.175109443402126 0.0125078173858662 0.0250156347717323
6.62492172824045 0.162805259862242 0.0125234815278647 0.0375704445835942
4.32067932067932 0.174825174825175 0.0124875124875125 0.0124875124875125
4.18697662792151 0.212473440819898 0.0249968753905762 0.0124984376952881
4.07652869826185 0.212579717394023 0.0125046892584719 0.0250093785169439
39.3049131141393 0.562570321290161 0.0500062507813477 0.0500062507813477
3.5375 0.1375 0.0125 0.0125
4.23697037870266 0.137482814648169 0.0249968753905762 0.0249968753905762
6.3 0.1875 0 0.0125
3.59685275384039 0.137379792681404 0.0249781441238916 0.0249781441238916
3.69676533033596 0.112401648557512 0.0124890720619458 0.0249781441238916
3.95903584363682 0.137379792681404 0 0
41.1830915457729 0.537768884442221 0 0.0625312656328164
2.77569392348087 0.112528132033008 0.0500125031257814 0
3.04543185222167 0.137294058911633 0.0124812780828757 0
4.72677253970239 0.162560960360135 0.0625234462923596 0.0250093785169439
3.07384730725978 0.0624765712857678 0 0
3.00037504688086 0.137517189648706 0.0125015626953369 0.0250031253906738
2.80245214562742 0.125109470786939 0.0375328412360816 0
27.8320802005013 0.952380952380952 0.012531328320802 0.12531328320802
3.60394064097768 0.261878039655817 0.0124703828407532 0.0249407656815064
3.69953755780527 0.299962504686914 0.0124984376952881 0.0124984376952881
5.38712102230018 0.476071160110248 0.0125281884239539 0.0125281884239539
3.5008752188047 0.250062515628907 0.0250062515628907 0.0250062515628907
3.43535290443473 0.262336039975016 0.0124921923797626 0.0124921923797626
3.33958724202627 0.387742338961851 0 0.0250156347717323
32.3716747845635 0.47458473835394 0.0249781441238916 0.0749344323716748
3.89902524368908 0.149962509372657 0.0124968757810547 0.0124968757810547
3.7846615038721 0.0999250562078441 0.0124906320259805 0.024981264051961
6.15942028985507 0.162418790604698 0.0374812593703148 0.0124937531234383
4.09539268323136 0.124859533025346 0.0124859533025346 0.0124859533025346
3.64068559989991 0.16264231202302 0.0125109470786939 0.0125109470786939
3.92303848075962 0.149925037481259 0.0249875062468766 0
35.1706036745407 0.387451568553931 0 0.0374953130858643
3.41506129597198 0.0875656742556918 0.0125093820365274 0.0125093820365274
3.85912326714125 0.112401648557512 0.0124890720619458 0
5.76971214017522 0.125156445556946 0 0.0125156445556946
3.65045630703838 0.0750093761720215 0 0
3.84951881014873 0.137482814648169 0.0249968753905762 0
3.67637864199075 0.100037514067775 0 0
27.8138258048415 1.14799101572249 0.0124781632143748 0.149737958572498
4.12924151696607 0.336826347305389 0.0249500998003992 0.0249500998003992
4.26463231615808 0.400200100050025 0.450225112556278 0.0125062531265633
6.1145219897256 0.438541536148352 0.0250595163513344 0.0250595163513344
3.77736085053158 0.250156347717323 0.0250156347717323 0.0250156347717323
3.97093824376801 0.400851810096455 0.0125266190655142 0.0250532381310284
3.77877877877878 0.337837837837838 0.025025025025025 0.0125125125125125
30.3973013493253 0.43728135932034 0.0249875062468766 0.0749625187406297
4.24522412286178 0.16231739293295 0.0124859533025346 0
4.59655258556083 0.162378216337747 0.0124906320259805 0.0124906320259805
6.83920980245061 0.250062515628907 0 0.0250062515628907
4.17552194024253 0.200025003125391 0.0125015626953369 0.0125015626953369
4.05 0.15 0.0125 0.025
4.12242348532167 0.0999375390381012 0.0124921923797626 0.0124921923797626
33.6795994993742 0.300375469336671 0.0125156445556946 0.0375469336670839
2.72363818090955 0.087456271864068 0.0124937531234383 0
3.46120204923154 0.137448456828689 0.0249906285143071 0.0124953142571536
4.96374093523381 0.150037509377344 0.0125031257814454 0.0125031257814454
2.96064959400375 0.0749531542785759 0.0124921923797626 0.0124921923797626
2.84140693453499 0.0751032669921142 0.0125172111653524 0.0125172111653524
2.92463442069741 0.137482814648169 0.0374953130858643 0
22.379107834562 0.937148569286518 0.0124953142571536 0.149943771085843
4.1474078700812 0.287320424734541 0 0
4.45915563327504 0.349737696727454 0 0.0374718960779415
6.75269356051115 0.400902029566525 0 0.0250563768479078
4.73217630166063 0.324634785865901 0.0124859533025346 0.0124859533025346
3.87306346826587 0.324837581209395 0.0249875062468766 0
3.96745932415519 0.375469336670839 0.0125156445556946 0.0125156445556946
25.7746126936532 0.387306346826587 0.0499750124937531 0.0624687656171914
4.84916479680878 0.137122911992022 0.024931438544004 0.024931438544004
4.14948131483565 0.162479690038745 0.0374953130858643 0
6.37764691141461 0.250595163513344 0 0.0125297581756672
4.32770481550969 0.125078173858662 0.0125078173858662 0.0125078173858662
4.27393151712072 0.112471882029493 0.0249937515621095 0.0124968757810547
4.3 0.1875 0.025 0.0125
36.9046130766346 0.462557819727466 0.0125015626953369 0.0375046880860107
3.85864135864136 0.14985014985015 0.024975024975025 0.0124875124875125
3.78182725911133 0.0873689465801298 0.0124812780828757 0.0124812780828757
5.87133041848844 0.124921923797626 0.0124921923797626 0.0124921923797626
3.59505679690426 0.087379852702534 0 0.012482836100362
3.43578210894553 0.0749625187406297 0 0
3.44698388909704 0.112401648557512 0.0124890720619458 0
35.8009253470051 0.450168813304989 0.0250093785169439 0.0250093785169439
3.08788598574822 0.112514064258032 0 0.0125015626953369
3.4763036138552 0.150056271101663 0.0125046892584719 0
3.10038754844356 0.200025003125391 0.0250031253906738 0
5.30066258282285 0.225028128516065 0.0250031253906738 0.0125015626953369
3.00187617260788 0.112570356472795 0.0250156347717323 0.0125078173858662
3.11211098612673 0.149981252343457 0.0124984376952881 0
22.5677532159361 1.07406019732734 0.0124890720619458 0.0999125764955664
3.62726704190119 0.300187617260788 0.0125078173858662 0
3.71435717858929 0.275137568784392 0.0250125062531266 0.0125062531265633
3.82936260446551 0.249469876512411 0.0249469876512411 0.0124734938256206
5.64384933049681 0.425478663496433 0 0.0375422350143912
3.87403149212697 0.274931267183204 0.0124968757810547 0
3.98301910350855 0.324634785865901 0.0124859533025346 0.0124859533025346
25.0344051044664 0.600525459777305 0 0.0375328412360816
4.175 0.1625 0.0125 0.0125
7.02324418895276 0.249937515621095 0.0124968757810547 0.0124968757810547
4.39189189189189 0.137637637637638 0 0
4.11095839060352 0.187429713857304 0.0124953142571536 0
4.64477462854289 0.137345486327881 0.0249719066050693 0
4.56985890872768 0.149831439630416 0.0124859533025346 0.0124859533025346
38.3625 0.625 0.025 0.0625
3.45558882235529 0.162175648702595 0.0124750499001996 0
3.33583208395802 0.0999500249875062 0.0499750124937531 0.0124937531234383
5.04569926129961 0.137723801176912 0.0125203455615375 0.0125203455615375
3.59775140537164 0.124921923797626 0.0124921923797626 0
3.34665334665335 0.162337662337662 0 0.0124875124875125
3.3879234904363 0.150018752344043 0.0250031253906738 0
27.9614325068871 0.425745053844227 0.0125219133483596 0.0500876533934385
3.6745406824147 0.174978127734033 0.0124984376952881 0
3.93089634451678 0.175262894341512 0.0125187781672509 0.0125187781672509
5.90812367004631 0.21279258981099 0.0125172111653524 0
3.60315275866383 0.175153259101714 0 0.0125109470786939
4.16041979010495 0.149925037481259 0.0124937531234383 0.0124937531234383
3.90664003994009 0.199700449326011 0.0124812780828757 0.0124812780828757
25.5186203449138 1.21219695076231 0.0124968757810547 0.0874781304673832
3.9125 0.25 0.025 0.0375
4.34565434565435 0.262237762237762 0.0124875124875125 0.0124875124875125
6.22577822227778 0.32504063007876 0 0.0375046880860107
3.62545318164771 0.137517189648706 0.0250031253906738 0.0125015626953369
3.65 0.2875 0.0125 0.0125
3.77405648587853 0.23744063984004 0.0124968757810547 0.0124968757810547
38.8909704008992 0.449606594230049 0.0124890720619458 0.0499562882477832
3.22218059198202 0.0874235044336206 0.0124890720619458 0
3.51074462768616 0.0749625187406297 0.0249875062468766 0
5.5138784696174 0.137534383595899 0.0125031257814454 0.0250062515628907
3.09922519370157 0.174956260934766 0.0124968757810547 0
3.07576894223556 0.0875218804701175 0 0
3.25802022219448 0.137311197103982 0.012482836100362 0.012482836100362
35.1293911738967 0.662582822852857 0.0125015626953369 0.0500062507813477
4.0125 0.125 0.0125 0.0125
4.33966983491746 0.212606303151576 0.0375187593796898 0.0125062531265633
6.6208619612742 0.18738288569644 0.0249843847595253 0.0249843847595253
3.97251717676452 0.149906308557152 0.0124921923797626 0.0124921923797626
3.91103336248907 0.17493439960015 0 0
4.41139715071232 0.162459385153712 0.0249937515621095 0.0249937515621095
25.8169119481167 1.08505861810925 0.0623596906959341 0.074831628835121
3.91961053551367 0.299588066408688 0.012482836100362 0.012482836100362
4.17917917917918 0.275275275275275 0.0125125125125125 0.0125125125125125
5.85512323282873 0.375328412360816 0 0.0125109470786939
4.25983760149906 0.212367270455965 0 0
4.07245471580262 0.312304809494066 0.0124921923797626 0
3.5151363522642 0.400300225168877 0.0125093820365274 0
33.2127261384903 0.399251403618216 0.0124766063630692 0.0374298190892077
3.61024359775141 0.0749531542785759 0.0124921923797626 0.0124921923797626
3.52720450281426 0.137585991244528 0.0125078173858662 0
5.82657517155334 0.199625701809108 0.112289457267623 0.0124766063630692
3.60844050443251 0.124859533025346 0.0249719066050693 0.0124859533025346
3.7125 0.1 0.0125 0.0125
3.52367862051731 0.137448456828689 0.0374859427714607 0
35.0905683947533 0.349781386633354 0.0124921923797626 0.0624609618988132
3.74344896431245 0.124781632143748 0.0249563264287497 0.0124781632143748
4.19737663960025 0.162398500936914 0.0499687695190506 0
6.85085635704463 0.225028128516065 0.0125015626953369 0.0125015626953369
3.77028714107366 0.124843945068664 0.0249687890137328 0.0124843945068664
3.6036036036036 0.162662662662663 0.0125125125125125 0
3.92107892107892 0.174825174825175 0.024975024975025 0.0124875124875125
26.7066766691673 0.387596899224806 0.0125031257814454 0.0500125031257814
3.67959949937422 0.175219023779725 0 0.0125156445556946
4.11625296245478 0.149681925907447 0.0498939753024822 0
5.98450774612694 0.149925037481259 0 0.0124937531234383
3.68052078117176 0.0876314471707561 0.0125187781672509 0
4.29463171036205 0.17478152309613 0.0124843945068664 0
4.10275595460781 0.162114976929792 0.0124703828407532 0.0124703828407532
22.7238619309655 1.07553776888444 0 0.125062531265633
3.93286573146293 0.250501002004008 0.0250501002004008 0.0125250501002004
4.48469706433479 0.299812617114304 0.0124921923797626 0.0374765771392879
4.08852213053263 0.287571892973243 0.0250062515628907 0
6.4375 0.45 0.025 0.0375
4.19737663960025 0.312304809494066 0.0124921923797626 0.0124921923797626
4.42278860569715 0.449775112443778 0.0124937531234383 0.0124937531234383
37.7763897564022 0.512179887570269 0.0249843847595253 0.0749531542785759
3.26168457885529 0.0749812546863284 0 0
3.76061969015492 0.124937531234383 0.0124937531234383 0
3.32416895776056 0.0999750062484379 0.0124968757810547 0.0124968757810547
5.74282147315855 0.112359550561798 0.0124843945068664 0
3.72220834374219 0.112415688233825 0.024981264051961 0
3.37584396099025 0.0875218804701175 0.0125031257814454 0
39.448966812774 0.413274890419537 0 0.0751408891671885
3.18869576091034 0.0875328248093035 0 0.0250093785169439
3.32624734275353 0.100037514067775 0.0125046892584719 0.0125046892584719
3.09961254843145 0.0874890638670166 0.0249968753905762 0
5.17241379310345 0.162418790604698 0.0124937531234383 0.0249875062468766
3.24634785865901 0.137345486327881 0.0124859533025346 0.0249719066050693
3.24634785865901 0.18728929953802 0.0124859533025346 0.0249719066050693
24.1810452613153 0.375093773443361 0.0125031257814454 0.0750187546886722
3.71110833437461 0.0749718855429214 0.0249906285143071 0
3.99800099950025 0.174912543728136 0.0124937531234383 0
3.77264209868832 0.0874453466583385 0.0249843847595253 0.0249843847595253
5.56595532260077 0.199675527268189 0.0124797204542618 0.0374391613627855
3.77217087184612 0.0999250562078441 0.0124906320259805 0.0124906320259805
3.29917520619845 0.149962509372657 0.0124968757810547 0
20.4820781815911 0.949169476707881 0.0124890720619458 0.0874235044336206
3.94703972020984 0.24981264051961 0 0.024981264051961
4.33095506321192 0.350481912629866 0.0500688446614094 0.0250344223307047
6.51465798045603 0.375845652718617 0.0250563768479078 0.0125281884239539
3.61385519569839 0.32512192072027 0.0125046892584719 0.0125046892584719
4.31798327717459 0.262074129539498 0.0249594409085236 0.0249594409085236
3.9134783695924 0.312578144536134 0.0250062515628907 0.0250062515628907
33.883264591926 0.574928133983252 0.0124984376952881 0.0999875015623047
4.01852779168753 0.13770655983976 0.0125187781672509 0
4.60115028757189 0.237559389847462 0.0125031257814454 0.0125031257814454
6.9921338494194 0.237233112748158 0 0.0124859533025346
4.42057942057942 0.174825174825175 0.0124875124875125 0.0124875124875125
3.93996247654784 0.150093808630394 0 0.0125078173858662
4.81129717570607 0.212446888277931 0 0.0249937515621095
39.2066074333625 0.713302465273433 0.0750844700287824 0.0500563133525216
3.4965034965035 0.112387612387612 0.0124875124875125 0
3.54778263585259 0.112429731417864 0.0249843847595253 0.0124921923797626
6.30157539384846 0.200050012503126 0.0250062515628907 0.0125031257814454
3.34000500375281 0.200150112584438 0.0250187640730548 0
3.40909090909091 0.162337662337662 0.0124875124875125 0
3.21129576408847 0.124953142571536 0.0249906285143071 0
27.3136568284142 2.18859429714857 0.0125062531265633 0.0375187593796898
3.92647242716018 2.0507690383894 0 0.0250093785169439
4.69941257342832 2.13723284589426 0.0124984376952881 0.0124984376952881
6.84006502438414 2.86357384019007 0.0250093785169439 0.0125046892584719
4.25318989241931 1.97648236177133 0.0500375281461096 0.0375281461095822
4.81310163770471 2.01275159394924 0.0125015626953369 0.0250031253906738
4.89938757655293 2.07474065741782 0.0124984376952881 0.0249968753905762
0.0624765712857678 0.0499812570286143 0.112457828314382 0
0.0749344323716748 0.0124890720619458 0 0
0.112345524903258 0.074897016602172 0 0
0.062445360309729 0.0374672161858374 0 0
0.162378216337747 0.024981264051961 0 0
0.0999500249875062 0.0124937531234383 0.0124937531234383 0
0.0624297665126732 0.0499438132101386 0.0124859533025346 0
0.224831376467649 0.274793904571571 0.0124906320259805 0.024981264051961
1.48768596074509 0.800100012501563 0 0.0250031253906738
0.112401648557512 0.0249781441238916 0.0124890720619458 0
0.0749250749250749 0.0624375624375624 0.324675324675325 0
0.112415688233825 0.112415688233825 0 0.0124906320259805
0.0499687695190506 0.0499687695190506 0.162398500936914 0
0.162459385153712 0.137465633591602 0.224943764058985 0
2.02449387653087 0.749812546863284 0.287428142964259 0.0124968757810547
11.5659031167856 0.776067092251846 0.21279258981099 0.0125172111653524
1.84792108877513 0.824072917967287 0.224747159445624 0.0249719066050693
1.83956951570517 0.675760230259041 0.287823801776999 0.0125140783381304
1.74978127734033 0.674915635545557 0.0124984376952881 0.0249968753905762
1.93483959555611 0.711521657720634 0.024965672200724 0.049931344401448
2.04897551224388 0.712143928035982 0.0249875062468766 0.0249875062468766
19.1231576317762 1.97351986010492 0.024981264051961 0.0374718960779415
28.526724245838 2.46589059957441 0.400550757291275 0.0375516334960571
18.7648753601403 1.77877990730302 0.0375798571965427 0.0125266190655142
20.5108940646131 2.27898822940145 0.0250438266967193 0.0125219133483596
18.5889417062797 1.56367275456592 0.0125093820365274 0.0250187640730548
19.9949855835527 1.70490159207722 0.0376081233546446 0.0752162467092892
19.0697091273821 1.86810431293882 0.300902708124373 0.0376128385155466
31.9409704852426 1.20060030015008 0.0125062531265633 0.0625312656328164
51.3192447167688 1.61310491434288 0.0250093785169439 0.100037514067775
31.3266583229036 1.05131414267835 0 0.0250312891113892
34.9712428107027 1.75043760940235 0.0125031257814454 0.0750187546886722
31.2765425930552 1.13664751436423 0 0.0499625281039221
32.3955988997249 1.25031257814454 0.0125031257814454 0.0500125031257814
32.3411705852926 1.28814407203602 0.0125062531265633 0.0750375187593797
35.3470919324578 2.38899312070044 0 0
23.5536673747345 1.99925028114457 0 0
18.5726784151981 2.4121984751906 0.0249968753905762 0
23.513953197347 1.91465398573395 0 0.0125140783381304
18.3341670835418 2.01350675337669 0.0125062531265633 0
20.3925981495374 1.83795948987247 0 0
19.2817817817818 2.13963963963964 0 0
36.3454568178978 0.874890638670166 0 0.0624921884764404
20.5764411027569 0.676691729323308 0.012531328320802 0.025062656641604
27.1419637273296 0.637898686679174 0.0125078173858662 0.0500312695434647
26.2775551102204 0.764028056112224 0.0250501002004008 0.0375751503006012
18.868160761237 0.538374859146112 0 0.025040691123075
21.917636750532 0.613343347102266 0.0125172111653524 0.0125172111653524
20.9927481870468 0.650162540635159 0.0125031257814454 0.0250062515628907
0.199825152991133 0.062445360309729 0 0
0.137311197103982 0.037448508301086 0.012482836100362 0
0.112401648557512 0.0374672161858374 0.0249781441238916 0
0.212340744441669 0.024981264051961 0 0
0.162418790604698 0.0374812593703148 0.0124937531234383 0
0.124937531234383 0.0374812593703148 0 0
0.2997002997003 0.024975024975025 0.024975024975025 0
2.64702210013735 0.72418529154701 0 0.0374578599076039
0.0999250562078441 0.149887584311766 0 0.0124906320259805
0.212314225053079 0.324715873610591 0 0.0249781441238916
0.149943771085843 0.262401599400225 0.0124953142571536 0.0249906285143071
0.124968757810547 0.0249937515621095 0 0
0.0624375624375624 0.04995004995005 0 0
0.124906320259805 0.0874344241818636 0.0124906320259805 0
11.7610298712661 0.799900012498438 0.0124984376952881 0
3.53794224278035 0.750093761720215 0.0125015626953369 0.0125015626953369
3.76673757977725 0.788386935302215 0.0125140783381304 0.0125140783381304
2.87212787212787 0.911588411588412 0.0124875124875125 0.0374625374625375
3.35251438578934 0.888166124593445 0 0.0125093820365274
3.14300025043827 0.926621587778613 0 0.0250438266967193
3.44698388909704 0.811789684026477 0 0.0249781441238916
23.279758915118 2.09693621295831 0.0125565042692115 0.0376695128076344
31.5352697095436 2.4141833270464 0 0.0502954859801333
20.551724137931 1.59247648902821 0.112852664576803 0.0250783699059561
22.6771850738793 1.77811169546707 0.0125219133483596 0.0375657400450789
23.0711422845691 2.05410821643287 0.0250501002004008 0.0125250501002004
21.519146264909 1.82046453232894 0.0251098556183302 0.0251098556183302
22.1664994984955 1.89317953861585 0.0250752256770311 0.0501504513540622
21.2037962037962 22.3651348651349 0 0.0374625374625375
25.597098912092 21.833187445292 0.0375140677754158 0.0625234462923596
22.5806451612903 21.4678669667417 0.0875218804701175 0.0375093773443361
21.9817340172651 22.106843488052 0.0250218941573877 0.0375328412360816
20.7667332667333 22.1278721278721 0 0.024975024975025
20.6805955210809 23.0201426247967 0 0.0250218941573877
20.3925981495374 24.3310827706927 0 0.0375093773443361
44.0169872595553 55.9205595803148 0 0.024981264051961
49.0443472829482 50.9431605246721 0 0.0124921923797626
48.4322298563398 51.5677701436602 0 0
47.2520609542843 52.7229577816638 0 0.0124906320259805
44.9400299850075 55.0099950024987 0 0.0249875062468766
47.7017237072196 52.2982762927804 0 0
47.5209191957038 52.4416135881104 0 0.0249781441238916
18.4128176242333 34.3347102265615 0 0.0250344223307047
34.4354335620711 53.3499688084841 0 0.0374298190892077
32.0450281425891 46.9543464665416 0 0.0375234521575985
30.2924268932767 45.0137465633592 0 0
22.675 45.0375 0 0
18.0204948762809 37.1532116970757 0 0.0124968757810547
23.7559389847462 39.0597649412353 0 0.0125031257814454
38.8535031847134 61.0715623829149 0 0.0374672161858374
45.2035973020235 54.7464401698726 0 0.0499625281039221
41.9447569053868 53.0183727034121 0 0.0874890638670166
36.8848363727205 45.6407694229328 0 0.0124906320259805
43.9490445859873 56.000999125765 0 0.0249781441238916
34.3164208947763 48.0879780054986 0 0.0374906273431642
41.4813889582813 48.7634274294279 0 0.024981264051961
29.7435897435897 31.3570981863665 0.0125078173858662 0.0250156347717323
36.301112917344 55.0956608728273 0 0.0250093785169439
24.7127872127872 22.0529470529471 0 0.0124875124875125
21.5446138465384 24.0939765058735 0 0.0249937515621095
23.2546521793431 22.9299363057325 0.0124890720619458 0.0249781441238916
27.2545590806895 33.7996502623033 0 0.0124906320259805
23.9654956869609 22.1402675334417 0.0250031253906738 0.0375046880860107
41.2896775806048 50.4998750312422 0 0.0874781304673832
27.93107753777 35.9970033712074 0 0.0374578599076039
26.3177616787409 33.1501373969523 0.412190856857357 0.024981264051961
34.5236608815083 45.7360469471844 0 0.0499438132101386
36.2476547842401 47.942464040025 0 0.0875547217010632
29.9238166604221 34.9194454852004 0.47458473835394 0.062445360309729
29.2280789407944 38.8958281289033 0 0.0499625281039221
39.9025243689078 53.2366908272932 0 0.0374906273431642
32.6002748969137 44.2084218418093 0 0.0124953142571536
39.1402149462634 46.6133466633342 0 0.0499875031242189
31.8539817477185 38.6548318539817 0.0375046880860107 0.112514064258032
30.9354314974397 34.0327213688023 0 0.0374672161858374
25.9805146140395 37.2845365975518 0 0.0374718960779415
25.8838226108682 34.4784509681449 0.0124921923797626 0.0374765771392879
39.2026993251687 54.1614596350912 0 0.0624843789052737
34.7125 43.5375 0 0.0375
30.8327081770443 37.3968492123031 0 0.0250062515628907
31.1369025333833 39.8352676900037 0 0.0499188818170473
33.0793254216115 40.6870705808869 0 0.0249843847595253
32.3080770192548 35.6714178544636 0 0.0625156289072268
28.6356821589205 34.4202898550725 0 0.0249875062468766
44.526368407898 48.3129217695576 0 0.0374906273431642
34.5375 43.9875 0.0125 0.0125
31.0047488127968 35.6660834791302 0.0124968757810547 0.0249937515621095
31.1180512179888 36.8519675202998 0.0124921923797626 0.0249843847595253
33.4000250093785 39.8399399774916 0 0.0250093785169439
28.8947236809202 30.3950987746937 0 0.0250062515628907
32.8126952392853 37.0860927152318 0 0.0124953142571536
38.0172521565196 55.2069008626078 0 0.0375046880860107
23.6293243412014 27.3510678156613 0 0.0374672161858374
25.9407425928241 30.5663207900988 0 0.0250031253906738
28.1948782011243 32.10493441599 0.0124921923797626 0.0124921923797626
26.4716910386202 26.4966879140107 0 0.0249968753905762
25.1280129886349 36.0934182590234 0 0.0374672161858374
25.7488766849725 28.1328007988018 0 0.0124812780828757
44.118014751844 49.8437304663083 0 0.0250031253906738
25.0031222680155 24.5535156737854 0 0.0249781441238916
27.6125 34.4625 0 0.0375
25.0468223248845 29.8664002996629 0.0249719066050693 0.0249719066050693
26.6533316664583 35.4419302412802 0 0.0250031253906738
25.5718035245594 32.9958755155606 0.0249968753905762 0.0249968753905762
27.9325421611493 32.0049968769519 0 0.0124921923797626
45.2003495194108 45.7495943078267 0 0.037448508301086
39.0463113219323 48.5457495943078 0 0.012482836100362
37.5359240284893 39.4102211670624 0 0.0124953142571536
41.3577935854237 45.6008985398727 0 0.0374391613627855
43.7484371092773 49.3123280820205 0 0.0500125031257814
41.0310822618899 50.205966795656 0 0.06241418050181
38.4115884115884 41.7457542457542 0 0.0999000999000999
11.8595351162209 21.5696075981005 0.0249937515621095 0.0374906273431642
11.8485189351331 14.0482439695038 0 0
7.03574106473382 13.0342414396401 0 0.0124968757810547
4.43639090227443 10.1724568857786 0.0124968757810547 0
7.33200099925056 14.8138895828129 0 0.0124906320259805
6.725 13.9125 0 0
11.4428482198626 21.1867582760775 0 0.0124921923797626
1.21310655327664 0.100050025012506 0.0125062531265633 0.0125062531265633
1.9737663960025 0.0999375390381012 0.0249843847595253 0
0.5875 0.0625 0 0
0.587353161709573 0.0499875031242189 0.0124968757810547 0
0.637181409295352 0.087456271864068 0.0124937531234383 0.0124937531234383
5.3453228425128 0.212314225053079 0.0249781441238916 0
0.624531601299026 0.124906320259805 0.0124906320259805 0
0.162337662337662 0.024975024975025 0.0124875124875125 0.0124875124875125
0.137396952285786 0.0374718960779415 0.024981264051961 0
0.1998001998002 0.0374625374625375 0.0124875124875125 0
0.199825152991133 0.0249781441238916 0 0
0.14985014985015 0.024975024975025 0.024975024975025 0
0.199775252840554 0.0499438132101386 0.0374578599076039 0
0.174868848363727 0.0499625281039221 0 0
6.01400350087522 1.0752688172043 0 0.0125031257814454
0.0874016731177425 0.0499438132101386 0 0
0.0749625187406297 0.0124937531234383 0 0
0.149831439630416 0.0499438132101386 0.0124859533025346 0
0.18738288569644 0.262336039975016 0.0124921923797626 0.0124921923797626
0.124890720619458 0.112401648557512 0 0.0124890720619458
0.0749718855429214 0.0374859427714607 0 0
12.5892521608418 0.839283477389453 0 0.0125266190655142
8.64351736197852 1.32400699475393 0 0.024981264051961
11.4399900087424 1.37379792681404 0 0
15.5079544031066 1.70362019290993 0.0125266190655142 0.0250532381310284
8.71197897108524 1.25172111653524 0.0125172111653524 0.0125172111653524
9.10227556889222 1.3503375843961 0 0.0125031257814454
12.4812406203102 1.85092546273137 0 0.0250125062531266
14.2105263157895 1.20300751879699 0.012531328320802 0.012531328320802
17.761922643635 1.71485792965327 0.0250344223307047 0.0876204781574665
17.9766829635201 1.61714930424972 0.0250720822364297 0.0250720822364297
14.1392674084261 1.2876609576197 0.0125015626953369 0.0250031253906738
11.4585939454591 1.03827870903177 0.0125093820365274 0.0250187640730548
14.1316614420063 1.15360501567398 0.0250783699059561 0.0250783699059561
11.1791156632526 1.19910067449413 0.024981264051961 0.0124906320259805
28.6326942482341 4.07416750756811 0 0.756811301715439
32.0390781563126 2.94338677354709 0.0375751503006012 0.726452905811623
42.2368088866448 3.69856096945216 0.0126230749810654 0.643776824034335
28.314465408805 3.0188679245283 0.0125786163522013 0.742138364779874
30.187492135397 3.42267522335472 0.0251667295834906 0.59141814521203
33.5683706874843 4.57063711911357 0.012591286829514 0.91916393855452
30.6398996235885 2.83563362609787 0.0125470514429109 0.777917189460477
20.2058232931727 3.68975903614458 0.0125502008032129 0.464357429718876
21.4456017066131 4.44221357761325 0.0125486259254612 0.589785418496675
28.9855072463768 4.43604284814115 0.0126023944549464 0.491493383742911
22.1052631578947 3.97243107769424 0 0.601503759398496
19.8142803363032 3.47596938135274 0 0.439201907391141
19.2989068978515 4.18394270637015 0 0.402060560371906
21.4599272544839 3.41151385927505 0 0.526777875329236
41.7278946034963 3.17963009880922 0.0126678489992399 0.785406637952876
40.1442307692308 3.25151821862348 0.0126518218623482 0.872975708502024
39.2137096774194 3.74243951612903 0.0126008064516129 0.86945564516129
43.4284995598038 4.7289649100742 0.0125770343353037 1.06904791850082
39.254689663855 3.19778421251416 0.0125897016240715 1.15825254941458
39.3840351979887 3.41923318667505 0.0125707102451289 0.867379006913891
36.0703075957313 3.40238543628374 0.0251098556183302 0.828625235404896
34.6676737160121 3.19738167170191 0.0125881168177241 0.881168177240685
40.9383276579644 2.81246058771598 0 0.681044267877412
34.6187664866223 3.51714608717498 1.00489888204999 0.753674161537495
32.6625581687838 2.96818010313168 0.0125770343353037 0.792353163124135
32.5113808801214 3.64188163884674 0 0.670207384926657
34.6606561482595 3.30578512396694 0.0125219133483596 0.889055847733534
33.5724172643765 2.98225745564364 0 0.767585252296464
26.6490765171504 2.41236336223144 0.150772710139465 0.716170373162458
32.0457976849522 2.46602918973327 0.742325113236034 0.528434826371414
26.7127592708988 2.32558139534884 0.0251414204902577 0.76681332495286
25.3900352289884 2.47861097131354 0.0125817815802718 0.691997986914947
25.6229549458847 2.63025421595771 0.0251698968034231 0.654417316889001
25.1598345242572 2.11859094897831 0.0250720822364297 0.651874138147173
28.3295711060948 2.60847755204414 0.0125407574617507 0.890393779784299
30.9412507896399 2.29943145925458 0.0252684775742262 0.505369551484523
26.7151636774113 2.50846607299636 0.263388937664618 0.815251473723818
27.4084295032614 2.45860511791269 0.0878073256397391 0.677370797792273
24.5598591549296 3.06841046277666 0.289235412474849 0.704225352112676
25.1893939393939 3.09343434343434 0.202020202020202 0.656565656565657
24.3049440181155 2.57894074726381 0.201283180274248 0.629009938357026
28.8061198896413 3.48633057436669 0.213192876849762 0.865312264860798
0.149831439630416 0.0374578599076039 0.0249719066050693 0.0124859533025346
0.174868848363727 0.0374718960779415 0.024981264051961 0
0.124921923797626 0.0749531542785759 0.124921923797626 0
0.137396952285786 0.024981264051961 0 0
0.112401648557512 0.0374672161858374 0.0124890720619458 0
0.199900049975012 0.112443778110945 0.762118940529735 0
0.174890693316677 0.0624609618988132 0.0124921923797626 0
2.36309077269317 0.712678169542386 0.250062515628907 0
0.149981252343457 0.274965629296338 0.274965629296338 0.0124984376952881
0.2875 0.2625 0.55 0.0125
0.112457828314382 0.124953142571536 0.437335999000375 0.0124953142571536
0.0749625187406297 0.0249875062468766 0.299850074962519 0
0.124859533025346 0.0998876264202772 0.0124859533025346 0.0124859533025346
0.0999625140572285 0.087467199800075 0.512307884543296 0
12.8096072054041 0.875656742556918 0 0
3.97848117102465 0.87576629550857 0.0125109470786939 0.0250218941573877
4.02751719824891 0.963101938711695 0 0.0250156347717323
4.18697662792151 0.937382827146607 0.0124984376952881 0.0124984376952881
4.16562421816362 0.763072304228171 0 0.0125093820365274
4.18331668331668 0.961538461538462 0.0124875124875125 0.0124875124875125
3.210493441599 1.11180512179888 0.0499687695190506 0.0124921923797626
9.33900851276915 0.738607911867802 0.0250375563345018 0.0125187781672509
7.30063646574317 0.536627979533258 0.0124797204542618 0
6.89008378141803 0.637739152182068 0.0125046892584719 0
7.12140175219024 0.613266583229036 0.0250312891113892 0
12.7252252252252 1.06356356356356 0.025025025025025 0.0375375375375375
6.9648002004259 0.601277715144682 0 0
9.53395139062892 0.952142320220496 0.0125281884239539 0
35.575711766188 3.53993449231544 0.0629881582262535 0.340136054421769
31.3389595666961 3.76621740773397 0.0125960448419196 0.289709031364152
26.6976277143216 3.30111710807079 0 0.326346177984185
26.0098150245376 2.9445073612684 0 0.289417390210142
31.1817154338817 4.53346728619867 0 0.539997488383775
25.6641604010025 2.89473684210526 0 0.162907268170426
25.808068153345 3.38261087446755 0 0.238035580055124
54.4589178356713 2.9809619238477 0 0.0751503006012024
36.3181590795398 2.36368184092046 0.0250125062531266 0.0375187593796898
37.1603856266433 2.92976086139977 0.0125203455615375 0.0876424189307625
34.0803806185051 2.92976086139977 0 0.0626017278076875
31.8005747844558 2.82394102211671 0.0124953142571536 0.0374859427714607
41.2479639142965 4.00952261621351 0.0125297581756672 0.0751785490540033
25.7543508200826 0.513334168023037 0.0125203455615375 0
41.2435752789269 2.83314529271656 0.0125360411182149 0.0877522878275041
27.7617915676217 1.12598523708245 0.0125109470786939 0.112598523708245
25.9860209685472 2.80828756864703 0.0124812780828757 0.124812780828757
22.7443609022556 2.88220551378446 0.012531328320802 0.06265664160401
33.4169593577521 1.7059708981435 0.0125439036628199 0.175614651279478
26.3506753376688 2.85142571285643 0.0250125062531266 0.087543771885943
19.679919979995 1.8754688672168 0.0250062515628907 0.0250062515628907
33.3333333333333 2.628614344724 0.0125172111653524 0.150206533984228
22.6372524442216 1.4414640260717 0.0125344697919278 0.11281022812735
20.270101287983 1.07540327622859 0.0125046892584719 0.0625234462923596
29.3536692086511 2.07525940742593 0.0125015626953369 0.100012501562695
18.360450563204 1.02628285356696 0.16270337922403 0.0750938673341677
21.9634360130228 1.00175306786877 0.150262960180316 0.100175306786877
12.8628628628629 0.638138138138138 0.0125125125125125 0
34.2345725372387 1.30178996119665 0.175240956314933 0.0876204781574665
22.7255662620448 1.50168940057565 0.0250281566762608 0.0875985483669128
17.9394091136705 0.988983475212819 0.0125187781672509 0.0375563345017526
33.9969947407964 1.69045830202855 0.262960180315552 0.0751314800901578
19.3087903831705 1.05184072126221 0.0125219133483596 0.0626095667417981
19.2635270541082 1.17735470941884 0.263026052104208 0.0375751503006012
13.0118973074515 0.876643706950532 0.0125234815278647 0.0250469630557295
31.7857589788512 1.12626705043174 0 0.0500563133525216
22.0680170042511 1.70042510627657 0.262565641410353 0.100025006251563
17.1214017521902 1.28911138923655 0.312891113892365 0.0625782227784731
18.944332998997 1.07823470411234 0.488966900702106 0.0752256770310933
28.6465506447978 2.05333667209215 0.0375610366846125 0.0626017278076875
19.4399299912489 1.22515314414302 0.0250031253906738 0.0500062507813477
15.8493870402802 2.36427320490368 0.212659494620966 0.0375281461095822
28.4180297165689 1.48582844300162 0.262205019353228 0.0499438132101386
22.2444639059177 1.25109470786939 0.0250218941573877 0.087576629550857
16.7541885471368 1.00025006251563 0.0250062515628907 0.0250062515628907
17.0234071848792 0.85117035924396 0.0125172111653524 0.0375516334960571
27.4455841881411 1.4135601701276 0.0250187640730548 0.0500375281461096
18.3375 0.85 0.1 0.0375
15.2173913043478 0.962018990504748 0.0124937531234383 0.0374812593703148
19.9398420854744 1.25328988595062 0.0877302920165434 0.062664494297531
26.7774584530801 1.19955016868674 0 0.0249906285143071
16.0551033187226 1.15216030056356 0.0250469630557295 0.0375704445835942
16.2936101037889 0.912842315868451 0.0375140677754158 0.0375140677754158
26.2217222847144 1.94975628046494 0.137482814648169 0.0874890638670166
17.5109443402126 1.06316447779862 0.0250156347717323 0.0500312695434647
12.9532383095774 0.825206301575394 0.0250062515628907 0.0125031257814454
19.5338929958652 1.35321388297206 0 0.0751785490540033
24.9374061091637 1.25187781672509 0.0125187781672509 0.0625938908362544
15.2315394242804 0.951188986232791 0 0.0125156445556946
24.6086412022542 1.56543519098309 0 0.100187852222918
15.6578289144572 1.27563781890945 0.0125062531265633 0.0750375187593797
16.193927277271 1.2370361114582 0.0124953142571536 0.0374859427714607
10.4098975256186 0.812296925768558 0.0124968757810547 0
24.6649129399975 1.46561443066516 0.0125266190655142 0.125266190655142
30.2276138069035 1.23811905952976 0.0125062531265633 0.0625312656328164
16.8480300187617 0.75046904315197 0.0125078173858662 0.0625390869293308
27.1237332666083 1.20105091955461 0 0.0625547353934693
17.8897362170271 0.825103137892237 0.0250031253906738 0.0250031253906738
18.1761320990743 0.875656742556918 0 0.0500375281461096
12.5187406296852 0.862068965517241 0.0249875062468766 0.0124937531234383
22.8228228228228 1.12612612612613 0.0125125125125125 0.1001001001001
28.9078156312625 1.05210420841683 0.0125250501002004 0.0876753507014028
18.6066908908658 0.952261621350708 0.0125297581756672 0.0250595163513344
17.2732958098812 0.988117573483427 0.0250156347717323 0.0250156347717323
26.1070803102327 1.35101325994496 0.0125093820365274 0.0875656742556918
18.5569588595723 1.05039389771164 0.0125046892584719 0.0500187570338877
12.3032725455908 0.999250562078441 0.024981264051961 0.024981264051961
24.453380246293 2.32470469967328 0.0125659713495853 0.540336768032169
27.1403464725082 2.15917650012553 0.0125533517449159 0.514687421541552
20.2157010283421 1.52997241033358 0 0.17557060446451
18.5376289957211 1.76189277623962 0.0125849484017116 0.377548452051347
21.7734855136084 1.80609557255738 0 0.376269910949454
25.1880641925777 2.77081243731194 0.0125376128385155 0.514042126379137
18.6723553770862 2.71050319989961 0.0125486259254612 0.715271677751286
0.112387612387612 0.0374625374625375 0.024975024975025 0
0.137431284357821 0.0249875062468766 0.0249875062468766 0
0.162357936805295 0.0374672161858374 0.0249781441238916 0
0.174912543728136 0.0124937531234383 0 0
0.174847008867241 0.0249781441238916 0.0249781441238916 0
0.0999625140572285 0.0249906285143071 0 0
0.174868848363727 0.024981264051961 0.024981264051961 0
0.199975003124609 0.32495938007749 0.0124984376952881 0.0249968753905762
0.0874344241818636 0.137396952285786 0 0.0124906320259805
0.187336080929187 0.0374672161858374 0 0
4.44083062296723 1.00075056292219 0.0125093820365274 0.0500375281461096
0.0624609618988132 0.0249843847595253 0 0
0.112387612387612 0.0374625374625375 0.024975024975025 0
0.112387612387612 0.0374625374625375 0 0
7.17505634861007 1.18958176809416 0.0250438266967193 0.0125219133483596
7.05897051474263 1.23688155922039 0.0124937531234383 0.0374812593703148
14.4629652838702 1.2031582905126 0.0125328988595062 0.0125328988595062
7.45970261152068 1.12457828314382 0.0124953142571536 0.0374859427714607
6.87022900763359 1.20135152046052 0.0125140783381304 0
7.17320669832542 1.16220944763809 0 0.0499875031242189
6.52826413206603 1.25062531265633 0 0.0250125062531266
8.11789684026477 0.736855251654802 0.0249781441238916 0.0124890720619458
8.62607825978247 0.725090636329541 0.0375046880860107 0
7.06868509946203 0.562992618541224 0.0250218941573877 0
4.39615336580492 0.262270513300862 0.0249781441238916 0.0124890720619458
4.24628450106157 0.399650305982266 0.0249781441238916 0
4.32554069258657 0.32504063007876 0.125015626953369 0
5.31316414551819 0.48756094511814 0.0875109388673584 0
11.7558966679146 1.1106951204293 0.0249594409085236 0.0124797204542618
12.3111499562992 1.36096890997628 0.0124859533025346 0.0499438132101386
23.606064402957 1.91705300087708 0.0250595163513344 0.0501190327026688
16.3132137030995 1.2925084703225 0 0
15.7341344348479 1.26423832770059 0.0125172111653524 0.0250344223307047
16.7270003744851 1.32318062663837 0 0.074897016602172
17.198248905566 1.57598499061914 0.075046904315197 0.0375234521575985
5.44022011005503 6.49074537268634 0.0250125062531266 0.0250125062531266
6.7207995003123 5.84634603372892 0.0124921923797626 0.0499687695190506
12.2765345668209 5.73821727715965 0.0125015626953369 0.0875109388673584
8.32604075509439 8.42605325665708 0.0125015626953369 0.100012501562695
8.26456614153538 7.02675668917229 0 0.0250062515628907
7.27318170457386 6.71082229442639 0.0124968757810547 0.0874781304673832
9.2513770655984 6.96044066099149 0.187781672508763 0.0751126690035053
21.1630243657373 1.117809595579 0 0.087917608641045
47.9874213836478 1.72327044025157 0 0.188679245283019
23.2943837165473 1.52029149390627 0.0125643925116221 0.100515140092977
26.8961201501877 1.57697121401752 0 0.0750938673341677
21.9027378422303 1.18764845605701 0 0.0875109388673584
21.4868768052242 1.06743689564235 0 0.125580811252041
29.5357590966123 1.58092848180678 0.0125470514429109 0.175658720200753
18.0625 8.8875 0.1375 0.125
19.1921726041144 8.46713497240341 0.0250878073256397 0.0752634219769192
27.1175806249216 11.645124858828 0.401556029614757 0.250972518509223
16.9934640522876 8.01910507792861 0.012569130216189 0.0879839115133233
16.9512807634355 8.37518834756404 0.0125565042692115 0.0878955298844802
18.2241227518551 7.16890957112313 0.0125770343353037 0.10061627468243
18.6865521995237 7.94585787692693 0.0501315954380248 0.112796089735556
21.5848018997625 38.9201349831271 0.0499937507811524 0.0874890638670166
32.0009992505621 48.8508618536098 0 0.0999250562078441
22.6516572858036 39.3245778611632 0 0.0500312695434647
18.0886945658963 35.8525921299188 0.149906308557152 0.0749531542785759
24.0905113139142 39.4549318664833 0.0625078134766846 0.150018752344043
18.0147518439805 32.2540317539692 0.0125015626953369 0.0750093761720215
20.9459459459459 38.4009009009009 0 0.0625625625625626
22.7323908419867 39.4219942449643 0.237707994495183 0.0750656824721631
18.6945104414155 39.4397899212205 0.350131299237214 0.0375140677754158
30.2465273432612 48.6171943436366 0 0.0375422350143912
17.3086543271636 30.7403701850925 0.0375187593796898 0.0625312656328164
22.1332999874953 38.4769288483181 0 0.0625234462923596
15.3298350824588 31.1219390304848 0 0.0249875062468766
18.4013009757318 35.5391543657743 0.0375281461095822 0.0500375281461096
23.0143839899937 40.1000625390869 0 0.0500312695434647
20.390536988359 38.4528726999624 0 0.0625860558267618
28.4802203304957 49.2363545317977 0.0625938908362544 0.125187781672509
19.2870544090056 34.7467166979362 0.0125078173858662 0.0500312695434647
23.4361343488575 41.2161318516669 0 0.0499438132101386
17.1753815361521 31.1608706529897 0.28771578684013 0.062546910182637
20.0350833228919 38.441298082947 0 0.0751785490540033
19.5747342088805 35.609756097561 0.42526579111945 0.0625390869293308
17.0348184200674 32.8965431174342 0.162236365905404 0.0998377636340946
30.9134074721979 46.295139322754 0 0.17493439960015
15.3133992243213 29.3757037407732 0.112598523708245 0.0500437883147754
22.454079720105 36.0864675746595 0.224915656628764 0.0749718855429214
15.4240680510383 28.4338253690268 0 0.0750562922191644
15.925 29.95 0.4 0.1
22.1944201176029 38.1959214312523 0 0.0250218941573877
22.2486243121561 39.5447723861931 0 0.0375187593796898
30.6604953715286 49.2369276957718 0 0.137603202401801
17.7941728148056 33.0999124671752 0 0.0125046892584719
21.7783343769568 37.7207263619286 0.0125234815278647 0.0375704445835942
16.7000500751127 30.5708562844266 0.212819228843265 0.0500751126690035
19.9124452782989 38.0487804878049 0.0125078173858662 0.0500312695434647
22.3098098098098 39.8023023023023 0.025025025025025 0.0625625625625626
19.4218495807784 37.8300588161682 0.0125140783381304 0.0750844700287824
31.6972648932184 49.6565505182965 0 0.0499562882477832
20.0024987506247 34.6576711644178 0.0249875062468766 0.0624687656171914
22.1167062351618 40.5597900787205 0.0249906285143071 0.087467199800075
16.2564038485568 32.3503686117706 0 0.0374859427714607
18.8657986980471 35.4656985478217 0.0125187781672509 0.0375563345017526
23.694728953285 44.6040469647764 0 0.0374718960779415
22.6096737907762 41.0323709536308 0 0.0499937507811524
33.3333333333333 48.9931207004378 0 0.0625390869293308
25.0467989517035 44.8271558717085 0 0.0623986022713091
19.0780408367782 39.3836903419767 0 0.0125266190655142
18.4101987251594 34.1082364704412 0.0124984376952881 0.0249968753905762
19.7047416489428 39.6972350806956 0 0.0625547353934693
17.4743942043467 33.2625530851861 0 0.0499625281039221
18.5796449112278 31.3203300825206 0.0125031257814454 0.0375093773443361
28.3533533533534 47.7727727727728 0 0.0875875875875876
14.0765765765766 27.9154154154154 0 0.025025025025025
17.9477565304337 34.3957005374328 0 0.0749906261717285
17.434869739479 29.5465931863727 0.0125250501002004 0.0876753507014028
19.5399424928116 32.9791223902988 0.0125015626953369 0.0375046880860107
22.557237582885 40.7481546353059 0 0.0375328412360816
20.0475237618809 37.2311155577789 0 0.0625312656328164
31.4082574529126 49.3950355494574 0.0249469876512411 0.112261444430585
19.0488110137672 36.1201501877347 0 0.0250312891113892
22.5338007010516 42.3259889834752 0 0.0375563345017526
15.8880839370472 31.2140894329253 0 0.0499625281039221
18.9158738107161 36.0540811216825 0.0125187781672509 0.0625938908362544
22.1791828064476 37.3859802574035 0 0.0749718855429214
17.872765904262 34.4206974128234 0 0.0499937507811524
28.3445861465366 50.7876969242311 0 0.100025006251563
15.0618209067066 31.7721993255901 0 0.0499562882477832
20.0250156347717 35.1969981238274 0.0125078173858662 0.0500312695434647
15.7014478282576 27.8582126809785 0 0.0374438342486271
17.6227971503562 32.9208848893888 0 0.0249968753905762
0.0874125874125874 0.04995004995005 0.0124875124875125 0
0.23732200849363 0.024981264051961 0.0124906320259805 0
0.0749437921558831 0.0374718960779415 0 0
0.187312687312687 0.0624375624375624 0.0374625374625375 0
0.137431284357821 0.0374812593703148 0 0
0.162378216337747 0.0374718960779415 0.024981264051961 0
0.199850112415688 0.0624531601299026 0.024981264051961 0
0.0999250562078441 0.024981264051961 0 0
0.212606303151576 0.350175087543772 0.11255627813907 0.0125062531265633
0.0624531601299026 0.0374718960779415 0.0124906320259805 0
4.94182409608407 1.06343050168898 0 0.0250218941573877
0.0999000999000999 0.124875124875125 0 0.0124875124875125
0.0874235044336206 0.0124890720619458 0 0.0124890720619458
0.0874235044336206 0.0374672161858374 0.0124890720619458 0
8.77676223863779 1.18943282834606 0.125203455615375 0.05008138224615
12.7489041953663 0.851596743894803 0.0250469630557295 0.0375704445835942
8.59785053736566 1.33716570857286 0.0124968757810547 0.0124968757810547
8.37290677330667 1.21219695076231 0.0124968757810547 0.0499875031242189
11.318860584766 1.50583511105534 0.0125486259254612 0
8.59248157861871 1.41126514299988 0.0124890720619458 0.0124890720619458
7.52217918280645 1.64938148194427 0 0.0499812570286143
12.7297736651244 1.112917344004 0.0250093785169439 0.0125046892584719
15.6781781781782 1.35135135135135 0.0500500500500501 0.0375375375375375
12.2423485321674 1.14928169893816 0.0124921923797626 0.0249843847595253
12.4186279419129 1.21432148222334 0.0125187781672509 0.0125187781672509
19.15 1.575 0.0625 0.05
12.5608690223499 1.19865151704333 0.0249719066050693 0.0249719066050693
13.6471766620759 1.48992112182296 0.25040691123075 0.0125203455615375
33.1405582097058 1.34523510183555 0.0251445813427206 0.100578325370883
33.1280633404549 1.43270076662059 0.0251351011687822 0.0754053035063466
34.1120321527254 1.70811353931173 0.0125596583772921 0.087917608641045
33.7892095357591 1.4930991217064 0.0250941028858218 0.0752823086574655
61.4544084400904 1.85882943983924 0 0.113036925395629
35.0421967502204 1.48633329134652 0 0.0629802242095982
37.1976438150144 1.74207294147136 0.0501315954380248 0.0751973931570372
0.274690972655762 0.0249719066050693 0.0124859533025346 0
0.162337662337662 0.0374625374625375 0 0.0124875124875125
0.250218941573877 0.0375328412360816 0.16264231202302 0.0125109470786939
0.162337662337662 0.0124875124875125 0.024975024975025 0
0.137345486327881 0.0374578599076039 0.0249719066050693 0
0.174868848363727 0.0499625281039221 0.0124906320259805 0
0.112401648557512 0.0249781441238916 0.0124890720619458 0
2.49968753905762 0.812398450193726 0.0124984376952881 0.0374953130858643
0.137362637362637 0.0874125874125874 0.0124875124875125 0
0.0624531601299026 0.0624531601299026 0.299775168623532 0
0.124875124875125 0.04995004995005 0 0
0.237381309345327 0.262368815592204 0 0.0124937531234383
0.062445360309729 0.0499562882477832 0.0124890720619458 0
0.237381309345327 0.262368815592204 0 0.0374812593703148
11.8853997247592 0.775678718879019 0.287751782809959 0.0125109470786939
3.51206099237595 0.937382827146607 0.287464066991626 0.0499937507811524
3.45904095904096 0.861638361638362 0.0124875124875125 0.0374625374625375
3.63704536932883 0.899887514060742 0.287464066991626 0.0374953130858643
3.9480259870065 0.899550224887556 0.0124937531234383 0.0249875062468766
3.72872872872873 0.913413413413413 0.35035035035035 0.0125125125125125
3.18630513557416 0.887167312257903 0 0.0374859427714607
5.87793896948474 0.425212606303152 0.0125062531265633 0
12.4750499001996 1.17265469061876 0.0249500998003992 0.0374251497005988
7.34082397003745 0.66167290886392 0.0124843945068664 0
8.14694489566413 0.787204798200675 0.0249906285143071 0.0249906285143071
13.1278967806589 1.00212952524114 0.0125266190655142 0
8.74843554443054 0.638297872340426 0.0250312891113892 0
8.91966067864271 0.960578842315369 0.0124750499001996 0.0249500998003992
38.8875 12.1875 0 0.05
43.3029584321558 22.3942079640494 0 0.074897016602172
40.0301734976113 12.9368871008298 0 0.0502891626854413
41.1366202484005 12.8089323798771 0.0250909547108267 0.100363818843307
52.8084252758275 11.0707121364092 0.0501504513540622 0.100300902708124
41.5328650275966 14.5760160561967 0 0.0752634219769192
27.6859504132231 9.14099674430253 0 0.0626095667417981
4.59036898061288 0.512820512820513 0.0250156347717323 0.075046904315197
9.72135449206548 1.52442833937274 0 0.124953142571536
8.43041463109107 1.37792809720656 0.0250532381310284 0.137792809720656
9.23865483185398 1.21265158144768 0 0.137517189648706
8.66958151155528 1.18675827607745 0.0249843847595253 0.0749531542785759
3.36292036504563 0.762595324415552 0.0125015626953369 0.0875109388673584
0.274725274725275 0.124875124875125 0.024975024975025 0.0124875124875125
0.149812734082397 0.0374531835205993 0.0124843945068664 0
0.14985014985015 0.024975024975025 0.0124875124875125 0
0.174825174825175 0.04995004995005 0 0
0.0999125764955664 0.0374672161858374 0.0124890720619458 0
0.0999375390381012 0.0374765771392879 0 0
0.124843945068664 0.0499375780274657 0.0249687890137328 0
0.274690972655762 0.0749157198152079 0 0
0.0750656824721631 0.0500437883147754 0.112598523708245 0
0.124906320259805 0.0499625281039221 0 0
0.149925037481259 0.0499750124937531 0 0
0.112387612387612 0.0374625374625375 0 0
0.124906320259805 0.0374718960779415 0 0
0.16231739293295 0.0374578599076039 0 0
0.124906320259805 0.0374718960779415 0 0
0.112415688233825 0.0499625281039221 0.0749437921558831 0
0.112457828314382 0.0374859427714607 0.337373484943146 0
0.112415688233825 0.0499625281039221 0.287284536597552 0
0.0874453466583385 0.0374765771392879 0 0
0.0875109388673584 0.0625078134766846 0.16252031503938 0
0.124875124875125 0.0374625374625375 0 0
0.0999625140572285 0.087467199800075 0.274896913657379 0
0.0624687656171914 0.0374812593703148 0.524737631184408 0
0.162378216337747 0.0499625281039221 0.0124906320259805 0
0.0999375390381012 0.0374765771392879 0 0
0.124953142571536 0.0749718855429214 0.437335999000375 0
0.137448456828689 0.0499812570286143 0.399850056228914 0
0.112401648557512 0.0874235044336206 0.524541026601724 0
0.112429731417864 0.0499687695190506 0 0
0.137431284357821 0.0374812593703148 0.0124937531234383 0
0.137328339575531 0.0374531835205993 0.262172284644195 0
0.162297128589263 0.0624219725343321 0.124843945068664 0
0.149794033204344 0.06241418050181 0.074897016602172 0
0.0875547217010632 0.237648530331457 3.48968105065666 0.0125078173858662
0.112387612387612 0.0374625374625375 0.174825174825175 0
0.124921923797626 0.0499687695190506 0.0749531542785759 0
0.212287712287712 0.024975024975025 0 0.0124875124875125
0.212287712287712 0.04995004995005 0.024975024975025 0
0.162398500936914 0.0374765771392879 0 0
0.124906320259805 0.0499625281039221 0.0624531601299026 0
0.137379792681404 0.0374672161858374 0.0374672161858374 0
0.199825152991133 0.0249781441238916 0.0249781441238916 0
0.174803346235485 0.0249719066050693 0.0249719066050693 0.0124859533025346
0.0874781304673832 0.0374906273431642 0.0124968757810547 0
0.287320424734541 0.274828232354778 0.0249843847595253 0.0124921923797626
0.0874235044336206 0.0249781441238916 0 0
0.087467199800075 0.0999625140572285 0.0124953142571536 0.0124953142571536
0.187453136715821 0.287428142964259 0 0.0499875031242189
4.52957324681807 0.836036935363115 0.0124781632143748 0
0.0999000999000999 0.0374625374625375 0 0
5.63609097725569 1.1872031992002 0 0.0499875031242189
6.65665665665666 1.21371371371371 0.2002002002002 0.025025025025025
6.86850994620293 1.16351807831853 0.16264231202302 0
8.70162297128589 1.27340823970037 0 0.0249687890137328
7.49499499499499 1.17617617617618 0 0.025025025025025
12.5797173940228 0.912842315868451 0.0125046892584719 0
6.52826413206603 1.16308154077039 0.0125062531265633 0.0500250125062531
6.33291614518148 0.588235294117647 0.0125156445556946 0
5.03065949192842 0.31285195845326 0.0250281566762608 0
8.86471617904476 0.587646911727932 0.112528132033008 0
4.8 0.35 0.075 0.0125
5.32167395377889 0.399750156152405 0.0124921923797626 0
4.44444444444444 0.31210986267166 0.0124843945068664 0.0124843945068664
11.5028757189297 0.850212553138285 0.125031257814454 0.0375093773443361
40.0726089133701 3.32999499248873 0 0.513269904857286
39.6811448656791 3.62791865428069 0 0.602560883755963
39.5927601809955 4.78883861236802 0 0.603318250377074
60.2364185110664 5.19366197183099 0.11317907444668 0.741951710261569
38.044299018374 3.6999748301032 0.0125849484017116 0.390133400453058
36.9710749021094 3.37248957938613 0 0.303145130731338
38.4257512888218 4.51401986671696 0.0502954859801333 0.666415189236766
22.2640090259496 3.33458693744515 0 0.137896452300364
29.3793103448276 3.1974921630094 0.0376175548589342 0.275862068965517
31.5796050987253 2.73681579605099 0.0249937515621095 0.312421894526368
29.7928436911488 2.86252354048964 0 0.225988700564972
26.0508431915429 3.29725648124843 0.0125849484017116 0.125849484017116
52.7864746399499 4.98434564809017 0 0.350657482780213
31.8677189026682 3.09407490918201 0.0125266190655142 0.275585619441313
23.7451495806734 2.1279258981099 0.0250344223307047 0.162723745149581
31.3449704885094 2.18510611578551 0 0.163255054627653
28.4581497797357 1.67400881057269 0.012586532410321 0.226557583385777
29.665913087164 1.88394875659382 0.0251193167545843 0.163275558904798
50.8240030192477 2.74248333123663 0 0.415146559315637
32.6343545956806 2.22250125565043 0.0125565042692115 0.200904068307383
33.5595776772247 2.28758169934641 0.0251382604323781 0.163398692810458
17.7007755816863 1.28846634976232 0.0125093820365274 0.0500375281461096
22.0612117426608 1.42410993129294 0.0249843847595253 0.162398500936914
22.4505136557254 1.67877724880982 0.0125281884239539 0.137810072663493
22.9655516724913 1.32301547678482 0.0124812780828757 0.112331502745881
37.7353753452172 2.79939743911624 0 0.200853627918654
22.0253800728735 1.28156803618545 0.0125643925116221 0.113079532604599
26.0864104496358 1.10524993720171 0 0.113036925395629
18.0449240808131 1.66896724808633 0.0250972518509223 0.075291755552767
20.4058624577227 2.53037705123387 0.0250532381310284 0.112739571589628
20.9827024316871 1.30358485836049 0 0.0752068187515668
36.5290500690174 1.98268289622286 0.0250972518509223 0.263521144434684
18.9100954294324 1.56956303365143 0.0125565042692115 0.113008538422903
20.3322093168478 1.58611215186712 0.212314225053079 0.112401648557512
24.883808566763 1.78369551563874 0.0125612360256249 0.0628061801281246
19.7991211550534 1.10483364720653 0.251098556183302 0.125549278091651
17.5084597067302 0.864770021305928 0.275723774909136 0.0751973931570372
20.9238451935081 1.46067415730337 0.199750312109863 0.0998751560549313
36.7405737191532 1.64098709758236 0.0125266190655142 0.288112238506827
19.1526698420657 0.902481825018802 0.551516670844823 0.11281022812735
20.6279709782337 1.62621966474856 0.0375281461095822 0.100075056292219
23.4101151727591 1.89033550325488 0.0125187781672509 0.100150225338007
37.6460243687979 3.36641125486748 0.0125612360256249 0.954653937947494
35.9733902347182 3.388979540605 0 0.62758880381574
34.5091639467738 2.58599045945267 0.0125533517449159 0.627667587245795
47.473604826546 3.6701860231272 0.0502765208647562 0.867269984917044
33.6768032168887 3.65669766272933 0 0.653430510178437
30.8445225247835 3.16225373321621 0.0250972518509223 0.665077174049442
35.2719033232628 2.9833836858006 0.0251762336354481 0.579053373615307